
// 9=1001 A=1010 B=1011 C=1100 D=1101 E=1110 F=1111

// start with cube fully on
  0: FFFF FFFF FFFF FFFF
  1: FFFF FFFF FFFF FFFF
  2: FFFF FFFF FFFF FFFF
// start with LEDs at corners, transition towards front bottom left start init pattern

  3: 9009 0000 0000 9001
  4: 0000 0A0A 0000 0A02
  5: 0000 0000 00CC 00CC

// outline edges starting from one corner to the opposite
  6: 0000 0000 0000 0008
  7: 0000 0000 0008 008C
  8: 0000 0008 0008 088E
  9: 0008 0008 0008 888F
 10: 008C 0008 8009 C89F
 11: 088E 8009 8009 E99F
 12: 888F 8009 8009 F99F
 13: C89F 8009 9009 F99F
 14: E99F 9009 9009 F99F
 15: F99F 9009 9009 F99F

// turn this pattern on and off
 16: 0000 0000 0000 0000
 17: 0000 0000 0000 0000
 18: F99F 9009 9009 F99F
 19: F99F 9009 9009 F99F
 20: 0000 0000 0000 0000
 21: 0000 0000 0000 0000
 22: F99F 9009 9009 F99F
 23: F99F 9009 9009 F99F
 24: 0000 0000 0000 0000
 25: 0000 0000 0000 0000
 26: F99F 9009 9009 F99F
 27: F99F 9009 9009 F99F

// now go backwards by turning off the LEDs from the start
 28: F99F 9009 9001 F913
 29: F99F 9001 9001 F111
 30: F997 9001 9001 7110
 31: F913 9001 1000 3100
 32: F111 1000 1000 1000
 33: 7110 1000 1000 0000
 34: 3100 1000 0000 0000
 35: 1000 0000 0000 0000
 36: 0000 0000 0000 0000

// front-back
 37: 000F 000F 000F 000F
 38: 00F0 00F0 00F0 00F0
 39: 0F00 0F00 0F00 0F00
 40: F000 F000 F000 F000
 41: 0F00 0F00 0F00 0F00
 42: 00F0 00F0 00F0 00F0
 43: 000F 000F 000F 000F
 44: 0000 0000 0000 0000

// left-right
 45: 8888 8888 8888 8888
 46: 4444 4444 4444 4444
 47: 2222 2222 2222 2222
 48: 1111 1111 1111 1111
 49: 2222 2222 2222 2222
 50: 4444 4444 4444 4444
 51: 8888 8888 8888 8888
 52: 0000 0000 0000 0000

// up-down
 53: FFFF 0000 0000 0000
 54: 0000 FFFF 0000 0000
 55: 0000 0000 FFFF 0000
 56: 0000 0000 0000 FFFF
 57: 0000 0000 FFFF 0000
 58: 0000 FFFF 0000 0000
 59: FFFF 0000 0000 0000
 60: 0000 0000 0000 0000

// light all starting from corner
 61: 0000 0000 0000 0008
 62: 0000 0000 00CC 00CC
 63: 0000 0EEE 0EEE 0EEE
 64: FFFF FFFF FFFF FFFF
 65: 7770 7770 7770 0000
 66: 3300 3300 0000 0000
 67: 1000 0000 0000 0000
 68: 0000 0000 0000 0000
 69: 0000 0000 0000 0008
 70: 0000 0000 00CC 00CC
 71: 0000 0EEE 0EEE 0EEE
 72: FFFF FFFF FFFF FFFF
 73: 7770 7770 7770 0000
 74: 3300 3300 0000 0000
 75: 1000 0000 0000 0000
 76: 0000 0000 0000 0000
 77: 0000 0000 0000 0008
 78: 0000 0000 00CC 00CC
 79: 0000 0EEE 0EEE 0EEE
 80: FFFF FFFF FFFF FFFF
 81: 7770 7770 7770 0000
 82: 3300 3300 0000 0000
 83: 1000 0000 0000 0000
 84: 0000 0000 0000 0000

// random LEDs fall from top to bottom
 85: FFFF 0000 0000 0000

 86: FF7F 0080 0000 0000
 87: FF7F 0000 0080 0000
 88: FF7F 0000 0000 0080
 89: FD7F 0200 0000 0080
 90: FD7F 0000 0200 0080
 91: FD7F 0000 0000 0280
 92: FD7D 0002 0000 0280
 93: FD7D 0000 0002 0280
 94: FD7D 0000 0000 0282
 95: ED7D 1000 0000 0282
 96: ED7D 0000 1000 0282
 97: ED7D 0000 0000 1282
 98: E57D 0800 0000 1282
 99: E57D 0000 0800 1282
100: E57D 0000 0000 1A82
101: A57D 4000 0000 1A82
102: A57D 0000 4000 1A82
103: A57D 0000 0000 5A82
104: A53D 0040 0000 5A82
105: A53D 0000 0040 5A82
106: A53D 0000 0000 5AC2
107: A53C 0001 0000 5AC2
108: A53C 0000 0001 5AC2
109: A53C 0000 0000 5AC3
110: A534 0008 0000 5AC3
111: A534 0000 0008 5AC3
112: A534 0000 0000 5ACB
113: A524 0010 0000 5ACB
114: A524 0000 0010 5ACB
115: A524 0000 0000 5ADB
116: A504 0020 0000 5ADB
117: A504 0000 0020 5ADB
118: A504 0000 0000 5AFB
119: 8504 2000 0000 5AFB
120: 8504 0000 2000 5AFB
121: 8504 0000 0000 7AFB
122: 8104 0400 0000 7AFB
123: 8104 0000 0400 7AFB
124: 8104 0000 0000 7EFB
125: 8100 0004 0000 7EFB
126: 8100 0000 0004 7EFB
127: 8100 0000 0000 7EFF
128: 0100 8000 0000 7EFF
129: 0100 0000 8000 7EFF
130: 0100 0000 0000 FEFF
131: 0000 0100 0000 FEFF
132: 0000 0000 0100 FEFF
133: 0000 0000 0000 FFFF

// move layer back up
134: 0000 0000 FFFF 0000
135: 0000 FFFF 0000 0000
136: FFFF 0000 0000 0000

// roll off by splitting through center
137: 9999 9999 0000 0000
138: 0000 9999 9999 0000
139: 0000 0000 9999 9999
140: 0000 0000 0000 9999
141: 0000 0000 0000 0000

// spin column around cube
142: 8000 8000 8000 8000
143: C000 C000 C000 C000
144: E000 E000 E000 E000
145: F000 F000 F000 F000
146: F100 F100 F100 F100
147: F110 F110 F110 F110
148: F111 F111 F111 F111
149: F113 F113 F113 F113
150: F117 F117 F117 F117
151: F11F F11F F11F F11F
152: F19F F19F F19F F19F
153: F99F F99F F99F F99F
154: 799F 799F 799F 799F
155: 399F 399F 399F 399F
156: 199F 199F 199F 199F
157: 099F 099F 099F 099F
158: 089F 089F 089F 089F
159: 088F 088F 088F 088F
160: 088E 088E 088E 088E
161: 088C 088C 088C 088C
162: 0888 0888 0888 0888
163: 0880 0880 0880 0880
164: 0800 0800 0800 0800
165: 0000 0000 0000 0000
166: 8000 8000 8000 8000
167: C000 C000 C000 C000
168: E000 E000 E000 E000
169: F000 F000 F000 F000
170: F100 F100 F100 F100
171: F110 F110 F110 F110
172: F111 F111 F111 F111
173: F113 F113 F113 F113
174: F117 F117 F117 F117
175: F11F F11F F11F F11F
176: F19F F19F F19F F19F
177: F99F F99F F99F F99F
178: 799F 799F 799F 799F
179: 399F 399F 399F 399F
180: 199F 199F 199F 199F
181: 099F 099F 099F 099F
182: 089F 089F 089F 089F
183: 088F 088F 088F 088F
184: 088E 088E 088E 088E
185: 088C 088C 088C 088C
186: 0888 0888 0888 0888
187: 0880 0880 0880 0880
188: 0800 0800 0800 0800
189: 0000 0000 0000 0000

// wave pattern:
// initialize bottom
190: 0000 0000 0000 8888
191: 0000 0000 0000 CCCC
192: 0000 0000 0000 EEEE
193: 0000 0000 0000 FFFF

194: 0000 0000 1111 EEEE
195: 0000 1111 2222 CCCC
196: 1111 2222 4444 8888
197: 3333 4444 8888 0000
198: 7777 8888 0000 0000
199: FFFF 0000 0000 0000
200: EEEE 1111 0000 0000
201: CCCC 2222 1111 0000
202: 8888 4444 2222 1111
203: 0000 8888 4444 3333
204: 0000 0000 8888 7777
205: 0000 0000 0000 FFFF
206: 0000 0000 1111 EEEE
207: 0000 1111 2222 CCCC
208: 1111 2222 4444 8888
209: 3333 4444 8888 0000
210: 7777 8888 0000 0000
211: FFFF 0000 0000 0000
212: EEEE 1111 0000 0000
213: CCCC 2222 1111 0000
214: 8888 4444 2222 1111
215: 0000 8888 4444 3333
216: 0000 0000 8888 7777
217: 0000 0000 0000 FFFF
218: 0000 0000 1111 EEEE
219: 0000 1111 2222 CCCC
220: 1111 2222 4444 8888
221: 3333 4444 8888 0000
222: 7777 8888 0000 0000
223: FFFF 0000 0000 0000
224: EEEE 1111 0000 0000
225: CCCC 2222 1111 0000
226: 8888 4444 2222 1111
227: 0000 8888 4444 3333
228: 0000 0000 8888 7777
229: 0000 0000 0000 FFFF

// improved knight Rider pattern
230: 8888 8888 8888 8888
231: CCCC CCCC CCCC CCCC
232: EEEE EEEE EEEE EEEE
233: FFFF FFFF FFFF FFFF
234: 7777 7777 7777 7777
235: 3333 3333 3333 3333
236: 1111 1111 1111 1111
237: 3333 3333 3333 3333
238: 7777 7777 7777 7777
239: FFFF FFFF FFFF FFFF
240: EEEE EEEE EEEE EEEE
241: CCCC CCCC CCCC CCCC
242: 8888 8888 8888 8888
243: 8888 8888 8888 8888
244: CCCC CCCC CCCC CCCC
245: EEEE EEEE EEEE EEEE
246: FFFF FFFF FFFF FFFF
247: 7777 7777 7777 7777
248: 3333 3333 3333 3333
249: 1111 1111 1111 1111
250: 3333 3333 3333 3333
251: 7777 7777 7777 7777
252: FFFF FFFF FFFF FFFF
253: EEEE EEEE EEEE EEEE
254: CCCC CCCC CCCC CCCC
255: 8888 8888 8888 8888

// last frame!!!
// mini cube
//repeat 5 {
//    0000 0660 0660 0000
//}
